9 -20 -5 38516.5 14.3522 -11.7392
10 -40 40 93747.9 9.10755 -6.30244
11 -20 10 64518 8.07455 -7.83859
12 -20 20 162789 8.11745 -3.15158
13 -40 20 77257.8 10.1955 -8.30972
14 -40 40 101882 9.89234 -8.3294
15 -30 0 77786 7.3189 -12.3106
16 -20 20 148239 7.69815 -0.58439
17 -20 0 27632.4 10.608 -8.24125
18 -30 10 71625.1 10.1757 -8.44349
19 -20 20 101781 7.14209 -5.94092
20 -20 10 11773.9 15.3296 1.88351
21 -20 20 148198 8.71107 -2.53927
22 -50 20 82164.8 11.2183 -14.5211
23 -40 40 90971.1 9.09521 -6.93659
24 -40 20 114619 11.7211 -10.5786
