1   4.81621    -2.25973  2.77653 12.4331  14.8783
2  -14.7256    -2.2793  9.72993  2.97678  -1.7421
3  -16.8463    -3.08772 10.9358  17.9549  14.5885
4  -17.3764    -8.80166 1.79819  9.19887  11.3925
5  -12.1128    0.764132 12.996   18.0451  7.46468
6   -15.6056   -1.11266 12.3174  18.1018  18.4816
7  -12.0038    3.06394  17.8055  2.37399  -2.3769
8 0 0 0 0 0
9   0.704952   -11.7392 -0.95961 11.5147  18.5778
10  -3.95797    -6.3024  7.16352 19.6284  26.6218
11  0.821582    -7.8385  6.21945 18.2544  22.541 
12  -14.1398   -3.15158  10.7001 22.8671  4.79064
13  -5.67854    -8.3097  2.72394 13.0012  17.1159
14  -7.51113   -8.3294   3.76119 16.4128  18.9335
15  -3.13717   -12.3106  3.10103 14.0281  21.6759
16  -12.9128   -0.58439   10.982 10.5243  3.64859
17  4.03289    -8.24125  4.24777 15.7694  19.6784
18  -4.34868    -8.4434  3.39019 13.8357  19.3793
19  -5.58791   -5.94092  7.50529 17.7913  18.8496
20  12.1412    1.88351    -0.966 11.4974  18.058 
21  -14.7024   -2.53927  12.4194 19.8607  10.9664
22 -14.5673    -14.5211  1.03857 16.3481  20.9407
23  -4.97115   -6.93659  5.07274 12.8059  14.7905
24  -12.3587   -10.5786  3.53744 10.7693  14.3103
