1 0.190722 -0.0894853 0.109951 0.492351 0.589181
2 -0.583134 -0.0902603 0.385305 0.11788 -0.0689872
3 -0.667113 -0.122274 0.433058 0.711014 0.577705
4 -0.688105 -0.348546 0.0712083 0.364275 0.451143
5 -0.479667 0.0302596 0.514642 0.714586 0.295601
6 -0.617982 -0.0440613 0.487769 0.716831 0.731871
7 -0.47535 0.121332 0.705098 0.09401 -0.0941252
8 0 0 0 0 0
9 0.0279161 -0.464872 -0.0380006 0.455982 0.735681
10 -0.156736 -0.249575 0.283675 0.777285 1.05422
11 0.0325346 -0.310405 0.24629 0.722874 0.892624
12 -0.559936 -0.124803 0.423724 0.905537 0.189709
13 -0.22487 -0.329064 0.107868 0.514848 0.67779
14 -0.297441 -0.329844 0.148943 0.649947 0.749767
15 -0.124232 -0.4875 0.122801 0.555513 0.858366
16 -0.511347 -0.0231418 0.434887 0.416762 0.144484
17 0.159702 -0.326354 0.168212 0.624468 0.779265
18 -0.172208 -0.334359 0.134252 0.547894 0.76742
19 -0.221281 -0.23526 0.297209 0.704535 0.746444
20 0.480792 0.074587 -0.0382536 0.455297 0.715097
21 -0.582215 -0.100555 0.491808 0.786484 0.434269
22 -0.576865 -0.575036 0.0411274 0.647385 0.829252
23 -0.196858 -0.274689 0.200881 0.507114 0.585704
24 -0.489405 -0.418913 0.140083 0.426464 0.566688
