1  -21.2472  5.86283  32.2299 
2  5.42907   30.5722  51.3289
3  -5.13694  28.1711  58.4173
4  -23.2136  8.1511   39.0689
5  12.2628   39.9668  53.2515
6  12.0223   38.4869  56.9899
7  10.1247   48.0133  78.7628
9  -31.9521  -11.130  23.4654
10 -24.6682  8.45478  48.814 
11 -22.6066  16.6888  35.6956
12 3.34675   26.9039  55.8193
13 -17.7571  4.3779   24.8213
14 -16.109   9.49495  33.1063
15 -32.3863  -4.2238  33.6943
16 -0.39548  29.9778  47.8793
17  -28.004  6.89401  35.1993
18  -8.7642  20.9815  35.535 
19  -6.4836  12.2736  29.2812
20  -19.455  1.3067   30.291 
21  -1.1161  18.0476  34.2912
22  -28.586  -2.0344  18.5634
23  -10.471  14.1035  39.052 
24  -3.4331  22.8901  51.5677
