1 4.81621 -4.97141 2.77653
2 -14.7256 -5.01446 9.72993
3 -16.8463 -6.79298 10.9358
4 -17.3764 -19.3637 1.79819
5 -12.1128 1.68109 12.996
6 -15.6056 -2.44785 12.3174
7 -12.0038 6.74067 17.8055
8 0 0 0
9 0.704952 -25.8262 -0.95961
10 -3.95797 -13.8653 7.16352
11 0.821582 -17.2447 6.21945
12 -14.1398 -6.93348 10.7001
13 -5.67854 -18.2813 2.72394
14 -7.51113 -18.3247 3.76119
15 -3.13717 -27.0833 3.10103
16 -12.9128 -1.28566 10.982
17 4.03289 -18.1308 4.24777
18 -4.34868 -18.5755 3.39019
19 -5.58791 -13.07 7.50529
20 12.1412 4.14372 -0.966
21 -14.7024 -5.58639 12.4194
22 -14.5673 -31.9464 1.03857
23 -4.97115 -15.2605 5.07274
24 -12.3587 -23.2729 3.53744
