1 -30 40 61572.3 12.1463 12.4331
2 -40 20 28758.7 21.9454 2.97678
3 0 40 37242.1 15.5737 17.9549
4 -30 40 100719 11.1107 9.19887
5 10 25 61397.1 17.3227 18.0451
6 10 25 67574.7 18.6113 18.1018
7 -30 30 14155.8 27.6412 2.37399
9 -20 40 102321 12.5887 11.5147
10 -30 60 76778.4 14.8766 19.6284
11 0 40 76890.5 14.3882 18.2544
12 20 40 15841.7 8.61281 22.8671
13 0 30 81493.3 13.5651 13.47
13 -20 30 87781.6 15.5884 13.0012
15 0 50 94815.2 12.6751 16.4128
14 -20 30 96138.8 16.5984 14.0281
16 -20 20 45247.8 31.6506 10.5243
17 -20 40 57849.1 13.4062 15.7694
18 -20 50 77000 13.7351 13.8357
19 12 40 23433.1 9.9354 17.7913
20 -2 30 89170.5 9.64658 11.4974
21 15 40 21580.6 9.67718 19.8607
22 0 40 105960 17.4541 16.3481
23 -10 40 70337.8 13.2964 12.8059
24 -10 40 72543.1 14.3491 10.7693


