1 -40 10 175674 20.7115 -4.0572
2 -10 10 52861.5 25.3356 3.82193
3 -20 10 97827.6 22.6299 2.21921
4 -30 0 232546 25.0381 -3.90872
5 -20 20 117834 21.8587 6.59727
6 -30 20 126311 22.2749 5.78836
7 0 20 10167.5 13.8981 7.96328
9 -30 0 173570 26.7039 -11.4661
10 -20 10 160562 20.5649 -0.240259
11 -20 10 180199 20.6382 0.0237887
12 -10 20 92723.2 17.8113 7.12257
13 -20 10 157702 17.0284 -3.6225
14 -15 10 179466 17.8797 -2.6779
15 -25 5 168495 22.9181 -6.42427
16 -10 10 67699 21.975 4.79061
17 -30 5 151407 23.3804 -5.58469
18 -20 10 139088 15.6423 -4.54
19 -10 20 68988.5 9.85189 -0.730086
20 -30 10 143573 14.5816 -7.67094
21 -10 20 75585.3 15.4466 3.44512
22 -20 20 155897 20.5279 0.39933
23 -20 20 124979 13.2817 -2.76431
24 -25 15 139964 20.1783 2.4626
