1 -40 0 121491 110.592 -18.1962
2 -60 0 147562 16.7242 -31.0077
3 -80 -50 96648.8 25.2358 -61.7572
4 -80 -40 42781.2 19.25 -54.0078
5 -80 0 167988 13.8511 -34.3815
6 -60 0 242519 17.8951 -30.7444
7 -40 0 73002.2 23.8969 -30.4362
9 -40 0 25183.8 39.4556 -24.2474
10 -90 -60 49039.3 26.3945 -69.6606
11 -90 -60 50940.7 22.8575 -65.6112
12 -60 0 198869 9.11449 -30.8663
13 -70 -30 108060 24.1991 -50.3029
14 -70 -30 113088 23.1639 -49.2488
15 -40 0 55700.3 82.4173 -20.8476
16 -70 -30 122310 16.1231 -41.895
17 -90 -60 30288.1 34.891 -74.0772
18 -80 -40 99972.8 21.8144 -43.1995
19 -60 -10 103195 5.41928 -32.1694
20 -40 0 52757.9 42.8844 -19.8264
21 -60 -20 182724 9.88643 -32.2871
22 -70 -50 68910.1 28.6483 -55.8324
23 -60 -20 74368.3 13.0668 -36.7252
24 -40 -20 101161 12.4006 -33.638
