1 -40 0 239697 15.5894 -10.3335
2 -20 5 120156 16.3084 0.0518636
3 -20 5 209131 17.6366 -5.08581
4 -40 0 263599 15.0963 -13.3714
5 -20 10 218056 13.3422 1.3284
6 -20 10 228023 13.9941 1.69732
7 -10 10 65244.1 19.7958 6.12112
9 -40 0 185033 15.3964 -25.3702
10 -30 10 220542 14.0472 -10.1666
11 -30 20 214008 11.5132 -10.5622
12 -20 20 173254 10.0429 0.567387
13 -40 5 240514 12.0884 -11.7894
14 -40 5 255101 11.5305 -10.997
15 -50 0 241173 20.2973 -18.8204
16 -20 10 123585 12.6666 -2.26394
17 -40 0 208170 16.9493 -16.5635
18 -40 10 213169 10.5395 -12.9514
19 -20 10 145033 8.19994 -6.30161
20 -30 5 209644 10.4957 -15.592
21 -20 10 165353 11.0506 -0.897617
22 -40 10 248702 16.3894 -8.53837
23 -40 10 208972 11.0061 -7.88889
24 -40 10 219633 12.7085 -2.51509
