1 0 30 110547 14.4674 16.1129
2 30 50 66524 23.5564 39.6232
3 30 80 87495 28.7434 50.7944
4 -15 50 221950 16.8447 21.246
5 30 65 146505 30.5349 55.9394
6 30 60 148549 31.7703 49.7731
7 40 80 81999.7 56.1052 55.8571
9 0 60 142569 11.4737 15.5324
10 10 40 145071 13.3047 25.1072
11 20 60 128441 18.1369 28.7418
12 20 60 190980 15.6753 32.1804
13 0 40 187658 10.5726 18.213
14 0 60 205868 12.6882 21.398
15 0 60 158518 14.9034 19.6236
16 30 60 151948 15.933 39.86
17 -10 50 83748.6 13.988 24.4545
18 0 50 145574 15.8335 29.3508
19 -20 50 161682 10.7876 20.4734
20 0 20 12574.4 16.1687 11.1553
21 -20 50 191890 12.0589 28.148
22 -40 30 222402 13.0014 9.11431
23 -20 40 -152280 -14.5765 20.0097
24 -20 40 187774 18.2066 19.7907
