1 -20 40 43074.4 14.5475 14.8783
2 -40 20 19502.6 21.0616 -1.74219
3 -20 50 17058.7 19.5182 14.5885
4 -40 40 60137.4 12.6156 11.3925
5 -40 40 31311.5 19.8399 7.46468
6 10 50 16934.9 8.47959 18.4816
7 -40 40 8662.92 19.0062 -2.37697
9 10 60 53341.1 11.4245 18.5778
10 20 60 32520.4 11.4516 26.6218
11 0 60 35354.1 13.2073 22.541
12 -20 40 27641.1 30.8874 4.79064
13 0 50 33464 10.5872 17.1159
14 10 40 38076.1 11.3903 18.9335
15 10 60 43983.2 12.1026 21.6759
16 -40 20 16885 18.3307 3.64859
17 0 40 32793.5 16.8542 19.6784
18 10 40 35086.6 13.5669 19.3793
19 10 50 10273 11.7272 18.8496
20 0 40 54218.6 10.8588 18.058
21 0 40 21054.9 21.6955 10.9664
22 0 60 45458.7 13.4086 20.9407
23 0 40 38688.4 13.4098 14.7905
24 5 40 34098.3 12.5118 14.3103
