1 -20 20 96339.7 10.4528 2.77653
2 -20 40 69305.1 7.2563 9.72993
3 -20 50 107459 7.21589 10.9358
4 -20 30 202402 7.61541 1.79819
5 -40 40 153626 7.71898 12.996
6 -20 30 188434 12.0851 12.3174
7 10 40 20372 6.77133 17.8055
9 -20 40 141627 6.82719 -0.959618
10 -20 40 155805 9.20189 7.16352
11 -20 40 144256 7.74004 6.21945
12 -20 40 103388 10.4393 10.7001
13 -20 20 172428 7.16317 2.72394
14 -20 20 183574 8.07894 3.76119
15 -20 30 175739 8.72988 3.10103
16 -20 40 97374.2 7.94992 10.9829
17 -20 40 112976 7.05659 4.24777
18 -20 40 157502 7.53182 3.39019
19 -20 40 113365 6.80519 7.50529
20 -20 10 38695.1 8.21488 -0.966866
21 0 20 114665 8.81746 12.4194
22 -20 20 190095 11.3723 1.03857
23 -20 30 154208 8.83612 5.07274
24 -20 20 176227 10.8374 3.53744
