1 -60 -20 164759 16.5673 -28.437
2 -40 0 154376 13.4132 -13.7165
3 -40 0 236651 31.3824 -28.3359
4 -60 -20 214528 18.7045 -32.8464
5 -30 0 270618 15.5734 -12.0324
6 -60 20 271848 14.1615 -11.933
7 -20 10 72813.2 11.6967 -11.0584
9 -70 -40 113793 17.366 -54.0124
10 -50 -20 -164507 -17.9628 -36.2912
11 -50 -20 182299 17.9524 -32.7616
12 -60 0 221306 10.8692 -14.2339
13 -60 -20 224053 13.7824 -29.014
14 -60 -10 230674 13.1703 -27.9039
15 -80 -40 143352 21.0832 -52.6056
16 -40 0 185378 18.465 -15.9515
17 -60 -20 150834 18.941 -44.0567
18 -60 -20 192270 11.1084 -28.7281
19 -50 -10 171260 8.54629 -18.9702
20 -60 -20 59341.4 6.68977 -30.1518
21 -30 0 203109 12.0758 -14.6292
22 -60 -20 190805 16.853 -31.8833
23 -40 -10 167462 10.1872 -22.2271
24 -40 0 203876 12.2629 -17.2581

