1 -40 40 245534 17.2811 5.86283
2 20 60 45831.3 16.9837 30.5722
3 0 40 92819.6 23.3959 28.1711
4 0 40 275930 18.8936 8.1511
5 20 60 82179.5 22.6964 39.9668
6 20 60 80966.4 24.8506 38.4869
7 20 80 57834.3 24.1689 48.0133
9 -40 20 225211 22.1328 -11.1303
10 -40 40 227994 20.4182 8.45478
11 -10 30 206661 28.3609 16.6888
12 0 60 257340 18.1151 26.9039
13 -20 40 322218 12.8618 4.3779
14 -20 40 302158 15.4448 9.49495
15 -40 40 221621 24.4749 -4.22383
16 0 60 158611 17.2717 29.9778
17 -40 40 209912 21.6205 6.89401
18 0 60 248887 29.5642 20.9815
19 -20 40 331321 18.5068 12.2736
20 -10 5 62008.7 13.1096 1.3067
21 0 20 292363 11.6656 18.0476
22 -20 20 288417 17.073 -2.03442
23 -20 40 238319 22.0671 14.1035
24 0 60 221164 20.7084 22.8901
