1 20 80 79659.9 14.8702 37.488
2 55 80 4499.55 10.5343 65.2547
3 75 90 9496.81 13.411 81.1542
4 30 80 130355 12.4969 44.6356
9 30 80 177537 20.4538 37.5484
10 30 80 110524 21.4892 53.2266
11 40 90 96710.1 22.4529 63.6619
12 40 70 86064 18.6381 56.0335
13 10 80 176195 10.9557 36.1495
14 30 70 169175 14.9788 42.3757
15 30 80 152841 19.5178 48.1555
16 50 75 79475.6 15.9499 66.4791
17 40 90 101270 18.1518 56.2846
18 40 90 109392 16.7506 58.7053
19 20 80 -145637 -10.4083 39.7365
20 0 80 46869.8 12.54 31.1028
21 30 75 153521 9.00756 45.8932
22 10 60 227531 12.7525 30.4154
23 25 75 125397 17.1983 44.8016
24 30 75 114387 14.9206 47.98
