1 1800 3000 1985.53 2087.99 221.634
4 1500 2500 6188.9 1728.69 187.26
9 1500 2300 4083.14 1842.32 155.678
10 1300 2000 3431.66 1544.32 151.575
11 1000 1300 3177.96 1225.77 133.038
12 1100 1700 4630.83 1425.03 140.063
13 1500 2100 6581.09 1799.26 132.923
14 1500 2000 6681.89 1717.51 135.105
15 1000 1600 5180.66 1327.99 143.12
16 800 1300 6605.46 1012.62 116.05
17 1100 1800 3683.91 1379.59 162.349
18 1100 1500 4811.71 1307.91 126.428
19 1500 2100 5977.55 1789.66 136.517
20 1800 2200 436.29 1975.47 136.533
21 1200 1600 6430.82 1399.06 110.395
22 1400 2000 4899.98 1617.62 135.376
23 1500 2000 3367.77 1707.33 145.592
24 1200 1800 2948.61 1476.34 151.398
