4 900 1500 3379.6 1073.82 138.121
9 1000 1500 1197.66 1197.12 127.283
10 700 1500 1125.05 941.062 143.004
11 600 1500 719.902 726.285 110.942
12 700 1300 1843.88 924.763 129.841
13 1100 1500 2868.96 1307.84 126.88
14 900 1500 2184.89 1138.88 147.606
15 600 1300 1523.29 844.546 119.45
17 600 1400 659.473 840.923 140.919
18 600 1200 1797.3 790.455 111.473
19 1100 1600 2403.36 1273.9 123.439
21 900 1400 3155.25 1036.48 108.775
22 1000 1400 2613.57 1183.5 132.677
23 900 1500 1292.3 1092.81 146.632
24 700 1300 1264.88 918.84 142.608

