4 1200 1800 5613.55 1428.92 120.072
9 1200 2000 3572.24 1535.53 140.361
10 1000 1500 2563.52 1223.05 102.065
11 700 1100 2416.25 962.676 125.4
12 1000 1300 2553.19 1207.51 141.409
13 1500 2000 6490.49 1692.71 111.79
14 1200 1800 4460.34 1494.73 136.649
15 900 1600 4901.85 1130.76 135.018
16 600 1100 6319.22 857.132 98.1002
17 800 1400 3757.72 1106.07 117.342
18 800 1300 4166.79 1048.31 112.183
19 1400 1900 5234.13 1599.01 113.562
20 1600 2200 1158.24 1818.21 117.574
21 1200 1700 6171.2 1377.26 99.6545
22 1400 2300 4799.21 1621.03 148.371
23 1200 1700 2617.33 1427.75 131.457
24 1100 1700 2889.03 1293.54 113.21

