4 1000 1700 2944.11 1201.26 150.722
9 1100 1800 894.28 1345.54 143.724
10 800 1400 1097.2 1054.92 141.026
11 600 1200 619.478 833.303 117.714
12 800 1300 1717.03 1010.79 127.698
13 1100 1600 1890.35 1353.82 133.378
14 900 1500 1898.28 1232.58 162.942
15 800 1200 1236.56 947.537 111.504
17 700 1200 389.753 943.19 143.064
18 700 1200 1613.56 902.33 113.482
19 1100 1700 1705.86 1361.07 139.485
21 900 1400 2397.65 1054.04 112.485
22 1000 1500 2258.93 1198.18 129.995
23 1000 1500 1102.94 1221.35 158.248
24 800 1400 1234.49 1009.36 148.093
