4 900 1800 2688.72 1155.64 159.84
5 1100 1900 2985.51 1184.54 140.564
6 950 1800 3142.97 1113.41 156.958
9 500 1000 927.438 755.036 136.325
10 600 1000 966.107 871.605 175.384
11 700 1500 1128.14 952.675 159.874
12 1200 1700 2243.55 1327.19 126.842
13 1200 1700 2129.28 1270.56 127.249
14 1100 1600 3028.35 1285.58 137.69
15 400 800 1221.85 587.647 106.101
16 700 1500 649.979 1128.61 184.712
17 600 1100 1532.66 811.202 128.382
18 1100 1500 3173.8 1253.23 124.935
19 1200 1700 3122.94 1356.52 115.592
21 900 1600 1788.76 1141.61 149.668
22 800 1500 1393.65 1043.82 158.415
23 1200 1700 2005.76 1369.63 134.186
24 1300 2000 1779.42 1484.98 169.55
