4 1100 2000 2229.9 1311.06 172.559
5 1000 2000 1389.11 1303.86 225.9
6 1000 2000 1522.06 1263.57 218.546
9 600 1500 891.294 849.156 152.603
10 800 1500 943.181 965.54 158.854
11 1000 1500 1184.1 1090.86 155.517
12 1200 2000 1162.94 1377.11 192.409
13 1200 2000 1703.61 1337.16 136.311
14 1300 1600 2222.22 1368 134.637
15 500 1000 1139.97 673.23 118.461
16 1100 1900 297.849 1383.22 219.512
17 700 1500 1337.32 920.03 149.096
18 1200 1800 2303.51 1303.21 151.808
19 1200 1800 1461.11 1365.88 149.959
21 1000 2000 841.203 1248.74 230.841
22 1000 1600 1264.4 1123.25 156.201
23 1200 2000 1596.23 1418 197.933
24 1400 2000 1420.56 1592.78 207.162
