4 1200 2000 1758.03 1485.43 207.474
5 1500 2000 451.645 1590.49 210.403
6 1400 2000 459.916 1516.87 240.54
9 700 1500 843.209 947.965 169.445
10 800 1500 864.504 1064.98 191.203
11 900 1700 1113.23 1193.73 196.854
12 1400 2000 534.707 1582.48 225.743
13 1200 1800 1188.08 1383.48 163.218
14 1200 2000 1310.7 1436.63 217.704
15 600 1200 1012.76 769.26 136.433
17 700 1600 1095.14 1027.52 189.281
18 1200 2000 1309.62 1405.39 218.49
19 1400 2000 475.757 1448.57 246.484
21 1400 2000 330.031 1449.18 303.872
22 900 1600 1177.95 1155.96 183.207
23 1400 2000 966.866 1603.95 234.166
24 1700 2200 849.222 1841.95 264.766
